[gd_scene load_steps=31 format=3 uid="uid://ckp8t2lxcltg3"]

[ext_resource type="Script" uid="uid://2ovt3hbgjlvh" path="res://Scenes/Arena/Arena.gd" id="1_txoyd"]
[ext_resource type="PackedScene" uid="uid://bu6wud186flga" path="res://Classes/Die/Die.tscn" id="2_gkaff"]
[ext_resource type="PackedScene" uid="uid://darmjw342doj5" path="res://Scenes/Arena/Mesa.glb" id="3_h7err"]
[ext_resource type="PackedScene" uid="uid://bnxn215f58sus" path="res://Scenes/Arena/CardShowAnimation/CardShowAnimation.tscn" id="3_wm28h"]
[ext_resource type="LightmapGIData" uid="uid://w02vjkpiblns" path="res://Scenes/Arena/Arena.lmbake" id="4_ja8rw"]
[ext_resource type="Script" uid="uid://dh3iem70qs4os" path="res://Scenes/Arena/EffectsManager.gd" id="4_rx763"]
[ext_resource type="PackedScene" uid="uid://d1nh5obk35kds" path="res://Classes/Effects/ShakenAndStirred/ShakenAndStirredEffect.tscn" id="4_tqem7"]
[ext_resource type="PackedScene" uid="uid://btb66ctn3yce2" path="res://Classes/Effects/OliveRoll/OliveRollEffect.tscn" id="5_ed70i"]
[ext_resource type="PackedScene" uid="uid://0o3k7gn6inlb" path="res://Classes/Effects/FullHouse/Carta.glb" id="6_pioo0"]
[ext_resource type="PackedScene" uid="uid://mbunjoeth1i7" path="res://Classes/Effects/ChipsAreDown/ChipsAreDownEffect.tscn" id="6_x3vxf"]
[ext_resource type="PackedScene" uid="uid://bx1tfik0chsfl" path="res://Classes/Effects/Spikes/SpikesEffect.tscn" id="10_vf6cn"]
[ext_resource type="PackedScene" uid="uid://cxjh4xet8soqm" path="res://Classes/Effects/GetTheBallRollingEffect/GetTheBallRollingEffect.tscn" id="11_7goy4"]
[ext_resource type="PackedScene" uid="uid://bbg4fcgpv31yt" path="res://Classes/Effects/FullHouse/FullHouseEffect.tscn" id="12_v5pfw"]
[ext_resource type="PackedScene" uid="uid://bs1h7cfuyhx81" path="res://Classes/Effects/MindTheGap/MindTheGapEffect.tscn" id="12_yk85d"]
[ext_resource type="PackedScene" uid="uid://dgln6bpylui5h" path="res://Classes/Effects/Pinball/PinballEffect.tscn" id="14_0dm7k"]
[ext_resource type="FontFile" uid="uid://cdnb1m88vsvb7" path="res://Assets/GrapeSoda.ttf" id="15_ovhl6"]
[ext_resource type="PackedScene" uid="uid://1vq3q5rv3j3a" path="res://Classes/Effects/AllIn/AllInEffect.tscn" id="15_qr7s2"]
[ext_resource type="PackedScene" uid="uid://dwt6isov5c6n5" path="res://Scenes/Arena/Audience/AudienceRow.tscn" id="18_vimpm"]
[ext_resource type="Script" uid="uid://dgub11lavdcow" path="res://Scenes/Arena/ChipDropper.gd" id="26_sgy0k"]
[ext_resource type="PackedScene" uid="uid://bo27kf00e07sv" path="res://Classes/ChipDrop/ChipDrop.tscn" id="27_gjkb2"]

[sub_resource type="PhysicsMaterial" id="PhysicsMaterial_k7w7e"]
rough = true
absorbent = true

[sub_resource type="WorldBoundaryShape3D" id="WorldBoundaryShape3D_kbgdt"]

[sub_resource type="CameraAttributesPractical" id="CameraAttributesPractical_50kmb"]

[sub_resource type="WorldBoundaryShape3D" id="WorldBoundaryShape3D_7a2co"]
plane = Plane(0, 0, 1, 0)

[sub_resource type="Curve3D" id="Curve3D_vimpm"]
resource_local_to_scene = true
_data = {
"points": PackedVector3Array(0, 0, 0, 0, 0, 0, -5.817695, 1.691425, 3.305704, 0, 0, 0, 0, 0, 0, -5.8424706, 1.7068079, -3.43518),
"tilts": PackedFloat32Array(0, 0)
}
point_count = 2

[sub_resource type="Curve3D" id="Curve3D_ja8rw"]
resource_local_to_scene = true
_data = {
"points": PackedVector3Array(0, 0, 0, 0, 0, 0, -5.817695, 1.691425, 3.305704, 0, 0, 0, 0, 0, 0, -5.843441, 1.7074105, -3.6992567),
"tilts": PackedFloat32Array(0, 0)
}
point_count = 2

[sub_resource type="Curve3D" id="Curve3D_pioo0"]
resource_local_to_scene = true
_data = {
"points": PackedVector3Array(0, 0, 0, 0, 0, 0, -5.8163977, 1.6906195, 3.6586967, 0, 0, 0, 0, 0, 0, -5.8436804, 1.707559, -3.7643085),
"tilts": PackedFloat32Array(0, 0)
}
point_count = 2

[sub_resource type="Curve3D" id="Curve3D_50kmb"]
resource_local_to_scene = true
_data = {
"points": PackedVector3Array(0, 0, 0, 0, 0, 0, -5.817695, 1.691425, 3.305704, 0, 0, 0, 0, 0, 0, -5.8424706, 1.7068079, -3.43518),
"tilts": PackedFloat32Array(0, 0)
}
point_count = 2

[sub_resource type="Curve3D" id="Curve3D_av3tb"]
resource_local_to_scene = true
_data = {
"points": PackedVector3Array(0, 0, 0, 0, 0, 0, -5.816553, 1.6907159, 3.6164393, 0, 0, 0, 0, 0, 0, -5.843493, 1.7074425, -3.7132866),
"tilts": PackedFloat32Array(0, 0)
}
point_count = 2

[sub_resource type="Curve3D" id="Curve3D_am0bh"]
resource_local_to_scene = true
_data = {
"points": PackedVector3Array(0, 0, 0, 0, 0, 0, -5.8164454, 1.690649, 3.6457145, 0, 0, 0, 0, 0, 0, -5.843678, 1.7075576, -3.7637193),
"tilts": PackedFloat32Array(0, 0)
}
point_count = 2

[node name="Arena" type="Node3D"]
script = ExtResource("1_txoyd")
dieScene = ExtResource("2_gkaff")
dieScreenShakeMagnitude = 0.5
cardShowAnimationScene = ExtResource("3_wm28h")

[node name="AudioListener3D" type="AudioListener3D" parent="."]
transform = Transform3D(1, 0, 0, 0, 0.62932, 0.777146, 0, -0.777146, 0.62932, 0, 2.19614, 0.0490575)
current = true

[node name="Floor" type="StaticBody3D" parent="." groups=["Table"]]
transform = Transform3D(1, 0, 0, 0, 1, 0, 0, 0, 1, 0, -0.0321802, 0)
collision_layer = 4
collision_mask = 4
physics_material_override = SubResource("PhysicsMaterial_k7w7e")

[node name="CollisionShape3D" type="CollisionShape3D" parent="Floor"]
shape = SubResource("WorldBoundaryShape3D_kbgdt")

[node name="LightmapGI" type="LightmapGI" parent="Floor"]
quality = 2
supersampling = true
directional = true
texel_scale = 0.5
environment_mode = 3
environment_custom_color = Color(0.40825167, 0.11270001, 0.49, 1)
environment_custom_energy = 3.0
camera_attributes = SubResource("CameraAttributesPractical_50kmb")
generate_probes_subdiv = 0
light_data = ExtResource("4_ja8rw")

[node name="Mesa2" parent="Floor/LightmapGI" instance=ExtResource("3_h7err")]
transform = Transform3D(-2.2729921e-08, 0, -0.52, 0, 0.52, 0, 0.52, 0, -2.2729921e-08, 0, -0.81, 0)

[node name="SpotLight3D" type="SpotLight3D" parent="Floor/LightmapGI"]
transform = Transform3D(-0.8128366, -0.38544515, 0.43672514, 2.6456863e-09, 0.7497532, 0.66171765, -0.58249193, 0.53786826, -0.60942674, 5.417864, 4.85822, -3.9045172)
visible = false
light_color = Color(0.8887248, 0.7016899, 0.4009572, 1)
light_energy = 10.0
light_indirect_energy = 0.5
light_bake_mode = 1
spot_range = 47.177
spot_attenuation = 0.4
spot_angle = 40.0
spot_angle_attenuation = 4.287088

[node name="SpotLight3D2" type="SpotLight3D" parent="Floor/LightmapGI"]
transform = Transform3D(-0.29555058, 0.8874886, -0.35357302, 0.0841764, 0.39285976, 0.9157377, 0.9516114, 0.24088432, -0.19081552, -4.953023, 4.85822, -2.9853115)
visible = false
light_color = Color(0.8887248, 0.7016899, 0.4009572, 1)
light_energy = 10.0
light_indirect_energy = 0.5
light_bake_mode = 1
spot_range = 47.177
spot_attenuation = 0.4
spot_angle = 40.0
spot_angle_attenuation = 4.287088

[node name="SpotLight3D3" type="SpotLight3D" parent="Floor/LightmapGI"]
transform = Transform3D(-0.90604633, -0.23689666, -0.35065672, -0.022070952, -0.80104446, 0.5981978, -0.42260262, 0.54973423, 0.72055477, -4.508437, 5.024759, 1.2127566)
visible = false
light_color = Color(0.86, 0.58709335, 0.2752, 1)
light_energy = 25.0
light_indirect_energy = 0.5
light_bake_mode = 1
spot_range = 47.177
spot_angle = 26.43
spot_angle_attenuation = 4.287088

[node name="SpotLight3D4" type="SpotLight3D" parent="Floor/LightmapGI"]
transform = Transform3D(-0.8605431, 0.32226843, 0.39447272, -0.013072688, -0.7881383, 0.6153594, 0.50920993, 0.52438647, 0.68243986, 5.085308, 4.991718, 1.0995841)
visible = false
light_color = Color(0.86, 0.58709335, 0.2752, 1)
light_energy = 25.0
light_indirect_energy = 0.5
light_bake_mode = 1
spot_range = 47.177
spot_angle = 26.43
spot_angle_attenuation = 4.287088

[node name="Carta" parent="Floor/LightmapGI" instance=ExtResource("6_pioo0")]
transform = Transform3D(1, 0, 0, 0, -4.371139e-08, -1, 0, 1, -4.371139e-08, -3.829843, 0.6582036, -3.4930725)

[node name="Carta2" parent="Floor/LightmapGI" instance=ExtResource("6_pioo0")]
transform = Transform3D(1, 0, 0, 0, -4.371139e-08, -1, 0, 1, -4.371139e-08, -2.1515336, 0.6582036, -3.4930725)

[node name="Carta3" parent="Floor/LightmapGI" instance=ExtResource("6_pioo0")]
transform = Transform3D(1, 0, 0, 0, -4.371139e-08, -1, 0, 1, -4.371139e-08, -0.22265732, 0.6582036, -3.4930725)

[node name="Carta4" parent="Floor/LightmapGI" instance=ExtResource("6_pioo0")]
transform = Transform3D(1, 0, 0, 0, -4.371139e-08, -1, 0, 1, -4.371139e-08, 3.66824, 0.6582036, -3.4930725)

[node name="Carta5" parent="Floor/LightmapGI" instance=ExtResource("6_pioo0")]
transform = Transform3D(1, 0, 0, 0, -4.371139e-08, -1, 0, 1, -4.371139e-08, 1.8177252, 0.6582036, -3.4930725)

[node name="Node3D3" type="Node3D" parent="Floor/LightmapGI"]
transform = Transform3D(1, 0, 0, 0, 1, 0, 0, 0, 1, -0.7207229, 0, 0)
visible = false

[node name="Node3D" type="Node3D" parent="Floor/LightmapGI/Node3D3"]

[node name="SpotLight3D6" type="SpotLight3D" parent="Floor/LightmapGI/Node3D3/Node3D"]
transform = Transform3D(0.4778175, -0.81128585, -0.33690622, -0.058654565, -0.41212788, 0.90923613, -0.8764988, -0.41468787, -0.24450749, -10.490497, 6.4461136, -7.6325173)
light_color = Color(0.4913335, 0.13399999, 0.67, 1)
light_energy = 10.0
light_indirect_energy = 3.0
light_bake_mode = 1
shadow_enabled = true
spot_range = 33.126
spot_attenuation = 0.2

[node name="SpotLight3D7" type="SpotLight3D" parent="Floor/LightmapGI/Node3D3/Node3D"]
transform = Transform3D(-0.8764988, -0.41468778, -0.24450748, -0.058654565, -0.41212785, 0.90923613, -0.47781742, 0.8112859, 0.33690622, -10.490497, 6.4461136, 6.9779716)
light_color = Color(0.4913335, 0.13399999, 0.67, 1)
light_energy = 10.0
light_indirect_energy = 3.0
light_bake_mode = 1
shadow_enabled = true
spot_range = 33.126
spot_attenuation = 0.2

[node name="Node3D2" type="Node3D" parent="Floor/LightmapGI/Node3D3"]
transform = Transform3D(-1, 0, 0, 0, 1, 0, 0, 0, 1, 0, 0, 0)

[node name="SpotLight3D6" type="SpotLight3D" parent="Floor/LightmapGI/Node3D3/Node3D2"]
transform = Transform3D(0.4778175, -0.81128585, -0.33690622, -0.058654565, -0.41212788, 0.90923613, -0.8764988, -0.41468787, -0.24450749, -10.490497, 6.4461136, -7.6325173)
light_color = Color(0.4913335, 0.13399999, 0.67, 1)
light_energy = 10.0
light_indirect_energy = 3.0
light_bake_mode = 1
shadow_enabled = true
spot_range = 33.126
spot_attenuation = 0.2

[node name="SpotLight3D7" type="SpotLight3D" parent="Floor/LightmapGI/Node3D3/Node3D2"]
transform = Transform3D(-0.8764988, -0.41468778, -0.24450748, -0.058654565, -0.41212785, 0.90923613, -0.47781742, 0.8112859, 0.33690622, -10.490497, 6.4461136, 6.9779716)
light_color = Color(0.4913335, 0.13399999, 0.67, 1)
light_energy = 10.0
light_indirect_energy = 3.0
light_bake_mode = 1
shadow_enabled = true
spot_range = 33.126
spot_attenuation = 0.2

[node name="Walls" type="StaticBody3D" parent="." groups=["Walls"]]
visible = false
collision_layer = 4
collision_mask = 4

[node name="CollisionShape3D" type="CollisionShape3D" parent="Walls"]
transform = Transform3D(-1, 0, -8.74228e-08, 0, 1, 0, 8.74228e-08, 0, -1, 1.05108e-07, 0, 3.6858)
shape = SubResource("WorldBoundaryShape3D_7a2co")
disabled = true

[node name="CollisionShape3D2" type="CollisionShape3D" parent="Walls"]
transform = Transform3D(1, 0, 0, 0, 1, 0, 0, 0, 1, 0, 0, -3.68564)
shape = SubResource("WorldBoundaryShape3D_7a2co")
disabled = true

[node name="CollisionShape3D3" type="CollisionShape3D" parent="Walls"]
transform = Transform3D(-4.37114e-08, 0, -1, 0, 1, 0, 1, 0, -4.37114e-08, 5.64741, 0, -0.0404129)
shape = SubResource("WorldBoundaryShape3D_7a2co")
disabled = true

[node name="CollisionShape3D4" type="CollisionShape3D" parent="Walls"]
transform = Transform3D(-4.37114e-08, 0, 1, 0, 1, 0, -1, 0, -4.37114e-08, -5.62408, 0, 0.228)
shape = SubResource("WorldBoundaryShape3D_7a2co")
disabled = true

[node name="CollisionPolygon3D" type="CollisionPolygon3D" parent="Walls"]
transform = Transform3D(1, 0, 0, 0, -4.37114e-08, 1, 0, -1, -4.37114e-08, -5.26175, 4.78548, -3.16995)
depth = 10.0
disabled = true
polygon = PackedVector2Array(-0.5656, -0.110056, -0.457004, 0.176244, -0.183867, 0.400019, 0.227483, 0.564559, 0.480875, 0.600758, 0.474294, 1.09438, -1.23363, 1.02527, -1.39817, -0.152837)

[node name="CollisionPolygon3D2" type="CollisionPolygon3D" parent="Walls"]
transform = Transform3D(-1, 8.74228e-08, 3.82137e-15, 0, -4.37114e-08, 1, 8.74228e-08, 1, 4.37114e-08, 5.2945, 4.97332, 3.21204)
depth = 10.0
disabled = true
polygon = PackedVector2Array(-0.5656, -0.110056, -0.457004, 0.176244, -0.183867, 0.400019, 0.227483, 0.564559, 0.480875, 0.600758, 0.474294, 1.09438, -1.23363, 1.02527, -1.39817, -0.152837)

[node name="CollisionPolygon3D3" type="CollisionPolygon3D" parent="Walls"]
transform = Transform3D(1, 0, 0, 0, -4.37114e-08, -1, 0, 1, -4.37114e-08, -0.495384, 4.96782, 0.681573)
depth = 10.0
disabled = true
polygon = PackedVector2Array(-4.20706, 3.11581, -4.5935, 3.05836, -4.9956, 2.88604, -5.26715, 2.66148, -5.3507, 2.37427, -6.63252, 2.09086, -6.77871, 4.16255, -4.09617, 4.44145)

[node name="CollisionPolygon3D4" type="CollisionPolygon3D" parent="Walls"]
transform = Transform3D(-1, -8.74228e-08, 3.82137e-15, 0, -4.37114e-08, -1, 8.74228e-08, -1, 4.37114e-08, 0.500439, 4.96782, -0.617826)
depth = 10.0
disabled = true
polygon = PackedVector2Array(-4.20706, 3.11581, -4.5935, 3.05836, -4.9956, 2.88604, -5.26715, 2.66148, -5.3507, 2.37427, -6.63252, 2.09086, -6.77871, 4.16255, -4.09617, 4.44145)

[node name="Effects" type="Node" parent="."]
script = ExtResource("4_rx763")
regularEffects = Array[PackedScene]([ExtResource("6_x3vxf"), ExtResource("12_v5pfw"), ExtResource("12_yk85d"), ExtResource("5_ed70i"), ExtResource("4_tqem7"), ExtResource("10_vf6cn"), ExtResource("14_0dm7k")])
specialEffects = Array[PackedScene]([ExtResource("11_7goy4"), ExtResource("15_qr7s2")])

[node name="DirectionalLight3D" type="DirectionalLight3D" parent="."]
transform = Transform3D(1, 0, 0, 0, -4.371139e-08, 1, 0, -1, -4.371139e-08, 0, 2.8088, -0.209616)
layers = 3
light_color = Color(0.96862745, 0.79607844, 0.9372549, 1)
light_bake_mode = 0
light_cull_mask = 4294967291
shadow_enabled = true
shadow_blur = 0.2
shadow_caster_mask = 4294967263
directional_shadow_mode = 0
directional_shadow_split_1 = 0.401
directional_shadow_fade_start = 0.911
directional_shadow_max_distance = 19.5
sky_mode = 1

[node name="GPUParticlesCollisionBox3D" type="GPUParticlesCollisionBox3D" parent="."]
transform = Transform3D(1, 0, 0, 0, 1, 0, 0, 0, 1, 0.0539551, -1.0896239, 0.0167236)
size = Vector3(11.5972, 2, 6.95972)

[node name="CurrentEffectName" type="Label3D" parent="."]
transform = Transform3D(0, 0, 0, 0, 0, 0, 0, 0, 0, 0, 1.64939, 1.0914)
visible = false
layers = 3
billboard = 1
render_priority = 2
outline_render_priority = 1
text = "Full house"
font = ExtResource("15_ovhl6")
font_size = 100
uppercase = true
autowrap_mode = 2
width = 800.0

[node name="CubileteCamera" type="Camera3D" parent="."]
transform = Transform3D(1, 0, 0, 0, 0.852458, 0.522795, 0, -0.522795, 0.852458, 0, 8.44158, 12.0778)
cull_mask = 3
fov = 47.0

[node name="RolledNumberCamera" type="Camera3D" parent="."]
transform = Transform3D(1, 0, 0, 0, 0.285204, 0.958467, 0, -0.958467, 0.285204, 0, 5.28551, 1.64157)
cull_mask = 3
fov = 47.0

[node name="CardsCamera" type="Camera3D" parent="."]
transform = Transform3D(1, 0, 0, 0, 0.673904, 0.738819, 0, -0.738819, 0.673904, 0, 8.11205, 6.56296)
cull_mask = 3
fov = 47.0

[node name="AudioStreamPlayer" type="AudioStreamPlayer" parent="."]
bus = &"SFX"

[node name="ChipDropper" type="Node" parent="."]
script = ExtResource("26_sgy0k")
chipDrop = ExtResource("27_gjkb2")

[node name="Audience" type="Node3D" parent="."]

[node name="AudienceRow" parent="Audience" instance=ExtResource("18_vimpm")]
curve = SubResource("Curve3D_vimpm")

[node name="AudienceRow2" parent="Audience" instance=ExtResource("18_vimpm")]
transform = Transform3D(1, 0, 0, 0, 1, 0, 0, 0, 1, -0.4922366, 0.20111203, 0)
curve = SubResource("Curve3D_ja8rw")

[node name="AudienceRow3" parent="Audience" instance=ExtResource("18_vimpm")]
transform = Transform3D(1, 0, 0, 0, 1, 0, 0, 0, 1, -0.8531208, 0.41187692, 0)
curve = SubResource("Curve3D_pioo0")

[node name="AudienceRow4" parent="Audience" instance=ExtResource("18_vimpm")]
transform = Transform3D(1, 0, 1.7484555e-07, 0, 1, 0, -1.7484555e-07, 0, 1, 11.720608, 0, -2.0492962e-06)
curve = SubResource("Curve3D_50kmb")
flipH = true

[node name="AudienceRow5" parent="Audience" instance=ExtResource("18_vimpm")]
transform = Transform3D(1, 0, 1.7484555e-07, 0, 1, 0, -1.7484555e-07, 0, 1, 12.16028, 0.20111203, -2.1307662e-06)
curve = SubResource("Curve3D_av3tb")
flipH = true

[node name="AudienceRow6" parent="Audience" instance=ExtResource("18_vimpm")]
transform = Transform3D(1, 0, 1.7484555e-07, 0, 1, 0, -1.7484555e-07, 0, 1, 12.554284, 0.41187692, -2.1967608e-06)
curve = SubResource("Curve3D_am0bh")
flipH = true

[connection signal="gameStarted" from="." to="ChipDropper" method="onGameStarted"]
